{"duration": 231.27288365364075, "input_args": {"filename": "'/home/gprat/cluster_archive/Master_Project/preprocessed_megdata/resp_meta_sub10_sess6_block4_offset1-epo.fif.gz'", "trans": "{'t_dev_head': <Transform  |  MEG device->head>\n[[ 0.99904143 -0.03934137 -0.01919598 -0.00876156]\n [ 0.04191659  0.98615635  0.16043271  0.02245456]\n [ 0.0126186  -0.16108356  0.9868601   0.06611678]\n [ 0.          0.          0.          1.        ]], 't_ctf_dev_ctf_head': <Transform  |  CTF MEG device->CTF/4D/KIT head>\n[[ 0.74929883  0.64268771  0.159699    0.05260914]\n [-0.65385805  0.75621841  0.02456363  0.01065512]\n [-0.10498058 -0.12282597  0.9868601   0.2536202 ]\n [ 0.          0.          0.          1.        ]], 't_ctf_head_head': <Transform  |  CTF/4D/KIT head->head>\n[[ 3.35245506e-02 -9.99437894e-01  0.00000000e+00 -3.52336322e-03]\n [ 9.99437894e-01  3.35245506e-02 -0.00000000e+00  2.97988002e-19]\n [ 0.00000000e+00  0.00000000e+00  1.00000000e+00 -0.00000000e+00]\n [ 0.00000000e+00  0.00000000e+00  0.00000000e+00  1.00000000e+00]], 't_ctf_dev_dev': <Transform  |  CTF MEG device->MEG device>\n[[ 0.70710678 -0.70710678  0.          0.        ]\n [ 0.70710678  0.70710678  0.          0.        ]\n [ 0.          0.          1.          0.19      ]\n [ 0.          0.          0.          1.        ]], 't_ctf_dev_head': <Transform  |  CTF MEG device->head>\n[[ 0.67861041 -0.73424752 -0.01919598 -0.01240879]\n [ 0.72695735  0.66767834  0.16043271  0.05293678]\n [-0.10498058 -0.12282597  0.9868601   0.2536202 ]\n [ 0.          0.          0.          1.        ]]}", "N": "-1"}}